5369.0,3
5830.0,1
6292.0,3
6753.0,1
7215.0,3
7676.0,1
8138.0,3
8369.0,2
8599.0,3
8830.0,4
9061.0,3
9522.0,1
9984.0,3
10445.0,1
10907.0,4
11369.0,1
11830.0,4
12061.0,2
12292.0,3
12522.0,1
12753.0,4
13215.0,2
13676.0,4
14138.0,2
14599.0,4
15061.0,3
15522.0,2
15984.0,4
16445.0,3
16907.0,2
17369.0,3
17830.0,2
18292.0,3
19215.0,1
19676.0,2
20138.0,3
22907.0,1
23369.0,2
23830.0,3
26138.0,2,3
27061.0,1,3
29599.0,2
30061.0,3
30522.0,4
31445.0,1
31907.0,4
33292.0,2
33753.0,3
34676.0,1
34907.0,3,4
35138.0,2
35599.0,3
36984.0,3
38369.0,4
38830.0,3
39292.0,2
40445.0,2,4
41138.0,4
41369.0,3
41599.0,2
41830.0,1,4
42292.0,3
42753.0,2
43215.0,3
43676.0,2
44138.0,3
44599.0,1
45061.0,3
45522.0,1
45984.0,3
46445.0,2
46907.0,3
47369.0,1
47830.0,4
48292.0,2
48753.0,4
49215.0,2
49676.0,4
50138.0,2
50599.0,3
51061.0,2
51522.0,3
51984.0,2
52445.0,3
52907.0,2
53369.0,1,4
53830.0,3
54292.0,2
54753.0,3
55215.0,1,2
55676.0,3
56138.0,4
56369.0,3
56599.0,2
56830.0,2
57061.0,1,4
57984.0,1,3
58907.0,1,2
59830.0,1,4
60753.0,3,4
61676.0,2,3
62599.0,1,2
63522.0,1,4
64445.0,3,4
65369.0,1,2
66292.0,1,4
67215.0,2
67676.0,3,4
68138.0,1
68599.0,3
69061.0,1
69522.0,3,4
69984.0,1
70907.0,3
71830.0,2
72292.0,4
72753.0,1
73215.0,3
73676.0,2
74138.0,3
74369.0,2
74599.0,1
75061.0,3
75522.0,4
75984.0,2
76445.0,4
76907.0,2
77369.0,3
77830.0,2
78061.0,3
78292.0,4
78753.0,2
79215.0,1
79676.0,4
80138.0,1
80599.0,4
81061.0,1
81522.0,4
81984.0,2
82445.0,3
82907.0,1
83369.0,3
83830.0,1
84292.0,3
84753.0,1
85215.0,2
85676.0,3
86138.0,4
86599.0,1
87061.0,4
87522.0,1
87984.0,4
88445.0,2
88907.0,4
89138.0,3
89369.0,2
89830.0,3
90292.0,1
90753.0,4
91215.0,1
91676.0,4
92138.0,2
92599.0,1
92830.0,2
93061.0,3
93522.0,1
93984.0,4
94445.0,3
94907.0,2
95369.0,3
95830.0,1
96292.0,4
96753.0,2
97215.0,3
97676.0,2
98138.0,3
98599.0,2
99061.0,3
99522.0,1
99984.0,1
100445.0,2
100907.0,3
101369.0,4
104138.0,2
104599.0,3
105061.0,4
