6782.0,1,2
6958.0,2
7133.0,3
7309.0,2
7484.0,3
7660.0,2
7835.0,3
8011.0,2
8186.0,1
8361.0,2
8537.0,3
8712.0,4
8888.0,3
9063.0,2
9239.0,4
9414.0,3
9590.0,1,2
9765.0,3
9940.0,1
10116.0,3
10291.0,1
10467.0,3
10642.0,2
10818.0,1
10993.0,2
11168.0,3
11344.0,4
11519.0,3
11695.0,2
11782.0,3
11870.0,4
11958.0,1
12046.0,2
12133.0,3
12221.0,4
12397.0,1,4
12572.0,2
12747.0,3
12923.0,4
13098.0,2
13274.0,4
13449.0,2
13625.0,4
13800.0,3
13975.0,2
14151.0,1
14326.0,2
14502.0,4
14677.0,2
14853.0,4
15028.0,2
15204.0,1,4
15379.0,3
15554.0,2
15730.0,1
15905.0,3
16081.0,1
16256.0,2
16432.0,3
16607.0,4
16782.0,1,3
16958.0,1,4
17133.0,2
17309.0,1,3,4
17484.0,1,2,4
17835.0,1
17923.0,2
18011.0,1,3
18361.0,1,3,4
18537.0,1,4
18625.0,2
18712.0,1,4
18888.0,3,4
19063.0,1,2,3,4
19239.0,1,2
19414.0,4
19765.0,1,2,3,4
20116.0,1,2,3
20467.0,1,2,3,4
20818.0,1,2,4
21168.0,3,4
21519.0,4
21695.0,2
21782.0,3
21870.0,2,4
22046.0,1,2,4
22221.0,1
22397.0,4
22572.0,4
22747.0,4
22923.0,1,2,4
23098.0,1,3
23625.0,1,2,3
23975.0,2
24151.0,4
24677.0,4
24853.0,4
25028.0,4
25730.0,1
25905.0,4
26081.0,4
26256.0,2
26432.0,2
26607.0,4
26782.0,1,4
26958.0,2
27484.0,2
27660.0,2,4
27835.0,4
28537.0,1
28712.0,1,3
28888.0,2,3
29239.0,1,4
29414.0,2
29590.0,2,3
29765.0,4
30467.0,2,4
30642.0,2,4
30818.0,3
30993.0,1,3
31168.0,3
31695.0,1
31870.0,1,2,3
32046.0,2,4
32221.0,2
32397.0,2,3
32572.0,4
33098.0,3
33274.0,3,4
33449.0,1,4
33625.0,1,2
33800.0,2,4
33975.0,1
34151.0,3
34502.0,2
34677.0,1,3
34853.0,1,4
35028.0,2
35204.0,1,3
35379.0,4
35554.0,1,2
35730.0,3
35905.0,1,2,4
36081.0,2
36168.0,3
36256.0,2,4
36432.0,3
36607.0,3,4
36782.0,1
36958.0,3,4
37133.0,3
37309.0,1,2,4
37484.0,3
37572.0,2
37660.0,1,3
37835.0,2
38011.0,3,4
38186.0,2
38361.0,1,3
38537.0,4
38712.0,1,2,3
38888.0,2
38975.0,3
39063.0,1,2,4
39239.0,2
39414.0,1,2,3,4
39590.0,1,4
39765.0,2,3,4
39940.0,3
40116.0,1,2,3,4,
40467.0,1,3,4
40642.0,2
40818.0,3,4
40993.0,1
41168.0,1,3
41344.0,4
41519.0,1,2,3
41695.0,3
41782.0,2
41870.0,1,3,4
42046.0,2
42221.0,3,4
42397.0,2
42572.0,1,2,3,4,
42747.0,2
42923.0,1,2,3
43274.0,1,4
43625.0,2,4
43800.0,3,4
43975.0,1,3
44151.0,2
44326.0,1,4
44677.0,2
44853.0,3,4
45028.0,1,3
45204.0,2
45379.0,1,4
45554.0,3
45730.0,2
45905.0,1
46081.0,1,4
46256.0,1,4
46607.0,2,4
46782.0,1,2
47133.0,2,4
47309.0,1,3
47660.0,1,4
47835.0,1,4
48011.0,2
48186.0,4
48361.0,3
48537.0,2
48712.0,1
48888.0,2,4
49063.0,2,4
49414.0,1,2
49590.0,1,4
49940.0,3,4
50116.0,1,2
50467.0,3,4
50642.0,1,2
50818.0,2
50905.0,3
50993.0,4
51168.0,3
51344.0,1,2
51519.0,1,4
51695.0,1,4
52046.0,1,3,4
52221.0,2
52397.0,1,3,4
52747.0,3
52923.0,2
53098.0,1,4
53274.0,2
53449.0,1
53625.0,4
53800.0,1,3
53975.0,2
54151.0,3
54326.0,4
54502.0,1,2,4
54677.0,2
54853.0,2,4
55028.0,1
55204.0,1,3,4
55379.0,2
55554.0,1,3,4
55730.0,2
55905.0,1,4
56081.0,1
56432.0,1,2,3,4
56782.0,1,3,4
56958.0,1,3,4
57484.0,4
57572.0,3
57660.0,2
57835.0,3
58011.0,4
58186.0,1
58361.0,2
58537.0,1,2,3,4
59414.0,2
59590.0,3
59765.0,4
59940.0,1
60116.0,1,2,3,4
60291.0,2
60467.0,1,4
60642.0,3
60818.0,1,2
60993.0,3
61168.0,2,4
61344.0,3
61519.0,1,2
61695.0,3
61870.0,2,4
62046.0,1
62221.0,2,3
62397.0,3
62572.0,1,4
62747.0,2,3
62923.0,1,4
63098.0,3
63274.0,1,4
63449.0,3
63625.0,1,2,3,4
63800.0,1
63975.0,2,4
64151.0,2
64326.0,1,2,4,3
64502.0,3
64677.0,1,2
64853.0,3
65028.0,1,2,3,4
65204.0,3
65379.0,1,2,4
65554.0,1
65642.0,3
65730.0,2,4
65905.0,3
66081.0,1,4
66256.0,2
66432.0,3,4
66607.0,2
66782.0,1,4
66958.0,3
67133.0,1,2
67309.0,3
67484.0,2,4
67660.0,4
67835.0,1,2
68011.0,3
68186.0,2,4
68361.0,3
68449.0,2
68537.0,1,3
68712.0,2,4
69063.0,1,3
69414.0,2,4
69765.0,2,3
70116.0,1,2,4
70291.0,1
70379.0,2
70467.0,3
70642.0,1,4
70818.0,2
70993.0,4
71081.0,3
71168.0,2
71256.0,1
71344.0,3,4
71519.0,2
71695.0,1,3
71870.0,4
72046.0,2,3
72221.0,2
72397.0,1,4
72572.0,3
72747.0,1,2
72923.0,3
73098.0,2,4
73274.0,3
73449.0,1,2
73625.0,3
73800.0,1,4
73975.0,2
74151.0,3,4
74326.0,2
74502.0,1,3
74677.0,2
74765.0,3
74853.0,1,4
75028.0,2
75204.0,3,4
75379.0,2
75554.0,1,4
75730.0,2
75905.0,1,3
76081.0,2
76168.0,3
76256.0,2,4
76432.0,1
76607.0,2,3
76782.0,3
76870.0,2
76958.0,1,4
77133.0,3
77309.0,2,4
77484.0,3
77660.0,1,2
77835.0,3
78011.0,2,4
78186.0,1
78361.0,2,3
78537.0,4
78712.0,1,3
78888.0,2
79063.0,3,4
79239.0,2
79326.0,3
79414.0,1,4
79502.0,3
79590.0,2
79765.0,3,4
79940.0,1,2
80291.0,2,4
80642.0,1,4
80993.0,2,3
81168.0,1,4
81344.0,3
81519.0,1,2,4
81695.0,3
81870.0,1
81958.0,2
82046.0,3
82133.0,2
82221.0,4
82309.0,3
82397.0,2
82484.0,1
82572.0,2,3,4
82747.0,3
82923.0,2,4
83098.0,3
83274.0,1,3
83625.0,2,4
83800.0,1,3
83975.0,1,4
84151.0,2
84326.0,3,4
84502.0,1
84677.0,1,4
84853.0,3
85028.0,1,3,4
85204.0,3
85379.0,1,2
85554.0,2
85730.0,1,3,4
85905.0,4
86081.0,1
86432.0,2,4
86607.0,2,4
86782.0,1,2,4
86958.0,2,3
87133.0,1,4
87309.0,2,4
87484.0,2,3
87660.0,2
87835.0,1,4
88011.0,2
88186.0,3,4
88537.0,1,3
88712.0,4
88888.0,1,4
89063.0,1
89239.0,2,4
89414.0,1
89590.0,2
89765.0,3
89940.0,1,2,4
90116.0,2,3
90291.0,1
90467.0,2
90642.0,1,3,4
90818.0,2
90993.0,1,3,4
91168.0,2
91344.0,3
91519.0,2,4
91695.0,1
91870.0,2
92046.0,1,3,4
92221.0,2
92397.0,1
92572.0,1,4
92747.0,2,3
92923.0,3,4
93098.0,1,2
93274.0,2,3
93449.0,3,4
93625.0,1,2,4
