5608.0,3,4
5840.0,1
6073.0,2
6305.0,1,3
7468.0,3,4
7701.0,2
7933.0,1
8166.0,2,3
9328.0,1,3
9561.0,2
9794.0,4
10026.0,1,2
11189.0,2,3
11421.0,4
11654.0,2
11887.0,1,4
12584.0,3
12701.0,2
12817.0,1
13049.0,1,2
13282.0,3
13514.0,4
13747.0,2,3
13980.0,1,4
14910.0,1,4
15142.0,3
15375.0,2
15607.0,3,4
15840.0,1,2
16770.0,2,3
17003.0,1
17235.0,4
17468.0,1,3
17701.0,2,4
18631.0,1,2,3
18863.0,3,4
18980.0,1,2
19096.0,3,4
19328.0,1,3
19561.0,2,3
19677.0,1,4
19910.0,1,3
20026.0,2,4
20259.0,1,2
20375.0,3,4
20491.0,1,2
20956.0,2
21189.0,4
21421.0,2,4
21887.0,1,2
22352.0,2
22584.0,3
22817.0,4
23282.0,1,4
23747.0,1,4
24212.0,2,4
24677.0,1
24910.0,4
25142.0,1,4
25607.0,1,3
26073.0,1
26305.0,4
26538.0,2,4
27003.0,2,3
27468.0,1,3
27584.0,2
27701.0,1,4
27933.0,1,3
28398.0,3
28631.0,2
28863.0,3
29328.0,3,4
29794.0,3
30026.0,1
30259.0,2
30724.0,2,3
31189.0,2,3
31654.0,1,2
32119.0,4
32352.0,2
32584.0,2,4
33049.0,3,4
33514.0,1,4
33747.0,3,4
33863.0,1,3
33980.0,2,4
34212.0,1,3
34445.0,1,2
34561.0,3,4
34794.0,1,3
34910.0,2,4
35142.0,3,4
35259.0,2
35375.0,1,3
35607.0,2
35840.0,1,4
36073.0,2
36305.0,3,4
36538.0,1
36770.0,2,3
37003.0,4
37235.0,1,2
37468.0,3
37701.0,1,4
37933.0,2
38166.0,1,3
38398.0,4
38631.0,1,3
38863.0,2
39096.0,1,3
39328.0,2
39561.0,1,4
39794.0,3
40026.0,1,2
40259.0,4
40491.0,2,3
40724.0,1
40956.0,2,4
41189.0,1
41421.0,3,4
41654.0,2
41887.0,1,4
42119.0,4
42352.0,1,3
42584.0,2
42817.0,3,4
43049.0,1
43282.0,2,4
43514.0,1
43747.0,3,4
43980.0,2
44212.0,1,4
44445.0,3
44677.0,1,2
44910.0,4
45142.0,2,3
45375.0,1
45607.0,2,4
45840.0,3
46073.0,1,4
46305.0,3
46538.0,2,4
46770.0,2
47003.0,1,3
47235.0,2
47468.0,4
47701.0,1
47933.0,2,4
48166.0,3
48398.0,2,4
48631.0,1,2
48747.0,3,4
48863.0,1,2
49096.0,2,4
49328.0,1,3
49445.0,2,4
49561.0,1
49677.0,2,3
49794.0,1,4
49910.0,3
50026.0,2
50142.0,1
50259.0,3,4
50491.0,2
50724.0,1,3
50956.0,2
51189.0,1,3
51421.0,2
51654.0,1,4
51887.0,2
52119.0,1,4
52352.0,3
52584.0,1,2
52817.0,4
53049.0,1,3
53282.0,2,4
53514.0,2,4
53747.0,1
53980.0,3,4
54212.0,1
54445.0,2,4
54677.0,3
54910.0,1,4
55142.0,3
55375.0,2,4
55607.0,1,3
55840.0,2
56073.0,3,4
56305.0,2
56538.0,1,3
56770.0,2,3,4
57003.0,1
57235.0,2,4
57468.0,1
57701.0,2,3,4
57933.0,1
58166.0,1,2
58398.0,3
58631.0,2,4
58863.0,1
59096.0,2,3
59328.0,1
59561.0,2,4
59794.0,1
60026.0,3,4
60259.0,1
60491.0,2,4
60724.0,1,3
60956.0,1,3
61189.0,2
61421.0,3,4
61538.0,1
61654.0,3
61770.0,1
61887.0,3,4
62003.0,2
62119.0,1
62235.0,4
62352.0,2,3
62468.0,4
62584.0,1
62701.0,3
62817.0,1,4
62933.0,2
63049.0,1
63166.0,4
63282.0,1,2
63398.0,3
63514.0,1
63631.0,2
63747.0,3,4
63863.0,1
63980.0,3
64096.0,2
64212.0,3,4
64328.0,1
64445.0,3
64561.0,1
64677.0,3,4
64794.0,1
64910.0,2
65026.0,3
65142.0,1,4
65375.0,3
65607.0,2,4
65840.0,3
66073.0,1,2,4
66305.0,3
66538.0,1,2
66770.0,3
67003.0,2,4
67235.0,3
67468.0,1,4
67701.0,2
67933.0,1,3,4
68166.0,2
68398.0,1,3,4
68631.0,4
68863.0,2,3,4
69096.0,1
69328.0,1,4
69561.0,2
69794.0,1,3,4
70026.0,2
70259.0,3,4
70491.0,2
70724.0,1,3
70956.0,2
71189.0,1,4
71421.0,3
71654.0,1,4
71887.0,2
72119.0,1,3,4
72352.0,2
72584.0,1,3
72817.0,3
73049.0,2,4
73282.0,3
73514.0,1,3,4
73747.0,2
73980.0,1,3
74212.0,2
74445.0,1,4
74677.0,2
74910.0,3,4
75142.0,1
75375.0,2,3,4
75607.0,1
75840.0,2,3,4
76073.0,1
76305.0,2,4
76538.0,3
76770.0,1,3,4
77003.0,2
77235.0,1,4
77352.0,3
77468.0,4
77584.0,2
77701.0,1,3
77817.0,2
77933.0,4
78049.0,3
78166.0,1,2
78282.0,4
78398.0,1
78514.0,2
78631.0,1,4
78747.0,3
78863.0,2
78980.0,1
79096.0,3,4
79212.0,1
79328.0,4
79445.0,2
79561.0,1,3
79677.0,2
79794.0,4
79910.0,3
80026.0,1,2
81887.0,4
82119.0,3
82352.0,1
82584.0,2
83747.0,2,4
83980.0,1
84212.0,2
84445.0,3
85607.0,1,3
85840.0,4
86073.0,2
86305.0,4
