6085.0,1,2
6409.0,3
6733.0,4
7057.0,3
7382.0,1,4
7706.0,2
8030.0,4
8355.0,3
8679.0,1,2
9003.0,3
9328.0,4
9652.0,3
9976.0,1,2
10301.0,3
10625.0,4
10949.0,2
11274.0,1,3
11598.0,3
11922.0,1
12247.0,3
12571.0,1,2
12895.0,3
13220.0,1
13544.0,3
13868.0,1,4
14193.0,2
14517.0,3
14841.0,2
15166.0,3,4
15496.0,2
15822.0,1,3
16148.0,4
16492.0,1,2
16816.0,4
17140.0,4
17464.0,4
17789.0,1,2
18113.0,3
18437.0,3
18762.0,1
19086.0,3,4
19248.0,1
19410.0,3
19573.0,1
19735.0,2
19816.0,3
19897.0,4
19978.0,3
20059.0,2
20140.0,1
20221.0,2
20302.0,3
20383.0,1
20464.0,2
20546.0,4
20627.0,1
20708.0,3
20789.0,4
20870.0,2
20951.0,3
21032.0,4
21194.0,3
21356.0,2
21519.0,1
21681.0,3,4
22021.0,2
22185.0,1
22350.0,2,4
22680.0,3
23010.0,1,4
23339.0,3
23669.0,2
23999.0,1
24328.0,2,3
24476.0,1
24639.0,4
24802.0,1
24965.0,4
25128.0,1
25291.0,4
25454.0,2
25617.0,3
25780.0,1
25943.0,3,4
26269.0,1
26432.0,2
26595.0,3,4
26758.0,4
26921.0,1,2
27247.0,3
27410.0,4
27573.0,2
27736.0,1
27899.0,3
28062.0,4
28225.0,2
28388.0,1
28551.0,3
28714.0,4
28877.0,2
29040.0,1
29203.0,2
29366.0,3
29529.0,1,4
29692.0,3
29855.0,2
30018.0,4
30181.0,3
30344.0,1
30507.0,2
30670.0,4
30833.0,1,3
30996.0,2
31159.0,4
31322.0,3
31485.0,2
31648.0,4
31812.0,3
31975.0,2
32138.0,1,3
32464.0,4
32627.0,2
32790.0,1
32953.0,3
33116.0,2
33279.0,4
33442.0,1,3
33768.0,4
33931.0,2
34094.0,1
34257.0,3
34420.0,2
34583.0,4
34746.0,1,3
35072.0,4
35235.0,2
35398.0,1
35561.0,3
35724.0,2
35887.0,4
36050.0,1,2
36213.0,3
36376.0,4
36539.0,3
36702.0,1
36865.0,3
37028.0,1
37191.0,2
37354.0,3,4
37517.0,2
37680.0,1
37843.0,2
38006.0,1
38169.0,3
38332.0,1
38495.0,4
38658.0,1,2
38821.0,3
38984.0,4
39148.0,3
39311.0,2
39474.0,1
39637.0,2
39800.0,3
39963.0,1,2
40126.0,3
40289.0,4
40452.0,3
40615.0,2
40778.0,1
40941.0,3
41104.0,4
41267.0,1,2
41430.0,3
41593.0,4
41756.0,2
41919.0,4
42082.0,3
42245.0,2
42408.0,1
42571.0,1,2,4
42897.0,1,3
43060.0,1,2,4
43386.0,1,3
43549.0,1,2,4
44038.0,2
44201.0,3
44364.0,4
44527.0,2
44690.0,3
44853.0,1
45016.0,2
45179.0,1,3,4
45505.0,1,3
45668.0,2,3,4
45994.0,2,3
46157.0,1,2,4
46647.0,2
46810.0,1,4
46973.0,2
47054.0,3
47136.0,4
47299.0,3
47380.0,2
47462.0,1
47625.0,2
47788.0,1,3,4
48114.0,1
48277.0,2,3,4
48603.0,2
48766.0,1,3,4
49092.0,4
49255.0,2
49418.0,1,3
49581.0,2
49744.0,3,4
49907.0,1,2
50070.0,2,3
50233.0,3,4
50396.0,1,2
50722.0,3
50885.0,4
51048.0,2,3
51211.0,1
51374.0,2
51700.0,3,4
51863.0,2
52026.0,1
52189.0,3
52352.0,4
52515.0,2
52678.0,3
53004.0,3,4
53330.0,1
53656.0,3,4
53983.0,3
54309.0,3,4
54635.0,1
54961.0,3,4
55287.0,2
55613.0,1,3,4
55776.0,2
55939.0,3
56102.0,4
56265.0,2
56428.0,3
56591.0,4
56754.0,3
56917.0,1,2
56998.0,3
57080.0,4
57161.0,3
57243.0,2
57324.0,1
57406.0,2
57488.0,3
57569.0,1,4
57651.0,2
57732.0,3
57814.0,2
57895.0,1
57977.0,3
58058.0,3
58221.0,2,3,4
58384.0,1
58547.0,2,3
58710.0,1
58873.0,2,3
59036.0,4
59199.0,2,3
59362.0,4
59525.0,1,3
59688.0,2
59851.0,1,4
60014.0,3
60177.0,2,4
60340.0,1
60503.0,2,4
60666.0,3
60829.0,1,4
60992.0,2
61156.0,3,4
61319.0,2
61482.0,3,4
61648.0,1
61808.0,3,4
61971.0,1
62134.0,3,4
62297.0,2
62460.0,1,3
62623.0,4
62786.0,1,3
62949.0,2
63112.0,1,4
63438.0,1,4
63601.0,3
63764.0,2,4
63927.0,3
64090.0,1,4
64253.0,2
64416.0,3,4
64579.0,2
64742.0,1,3
64905.0,2
65068.0,3,4
65231.0,2
65394.0,1,4
65557.0,2
65720.0,3,4
66046.0,1,3
66209.0,4
66372.0,1,2
66535.0,4
66698.0,1,2
66861.0,3
67024.0,2
67187.0,1,3,4
67513.0,2
67676.0,3
67839.0,2
68002.0,1,3,4
68165.0,2
68328.0,4
68492.0,1
68655.0,2,3,4
68818.0,1
68981.0,2,4
69144.0,3
69307.0,2,4
69470.0,1
69633.0,2,4
69796.0,3
69959.0,1,2
70285.0,2,3
70611.0,1,2,3
70937.0,3,4
71263.0,1,2
71589.0,3,4
71752.0,2
71915.0,1
72078.0,2
72241.0,3,4
72404.0,1
72567.0,2
72730.0,4
72893.0,3,4
73056.0,1
73219.0,2
73382.0,1,4
73545.0,3,4
73871.0,1,2,3
74360.0,1,2,3
74849.0,2,3,4
75338.0,2,3,4
75828.0,1
75991.0,3
76154.0,2
76317.0,4
76480.0,1,2
76643.0,3
76806.0,3,4
76969.0,2
77132.0,1,2
77295.0,3
77458.0,3,4
77621.0,2
77784.0,1,2
77947.0,3
78110.0,4
78273.0,2
78436.0,3
78599.0,1
78762.0,2
78925.0,3
79088.0,1,2,4
79414.0,3
79577.0,4
79740.0,1
80066.0,1,2
80229.0,4
80555.0,3
80881.0,2
81207.0,1
81533.0,2
81696.0,3
82022.0,4
82185.0,2
82511.0,1
82837.0,2
83000.0,3
83164.0,2
83327.0,1
83490.0,2
83653.0,3
83816.0,4
83979.0,3
84142.0,2
84305.0,1,3
84631.0,4
84957.0,2
85283.0,3
85609.0,1
85935.0,2
86261.0,3
86587.0,4
86913.0,2,3
87239.0,1
87647.0,4
87971.0,1
88506.0,3,4
