5740.0,2,3
6043.0,1,4
6346.0,2,3
6497.0,1
6649.0,4
6800.0,2,3
7255.0,1,2
7406.0,3
7558.0,4
7709.0,2
7861.0,3
8012.0,1,4
8467.0,2
8618.0,4
8770.0,2
8921.0,4
9073.0,1
9224.0,3,4
9679.0,1
9830.0,3
9982.0,2
10133.0,4
10285.0,3
10436.0,1,2
10739.0,3,4
11043.0,1
11194.0,4
11346.0,3
11649.0,1,3
12103.0,2,4
12406.0,1
12709.0,2,3
13012.0,4
13315.0,2,3
13467.0,4
13770.0,1
13921.0,2,3
14224.0,4
14527.0,1,2
14679.0,2
14982.0,3
15133.0,2,4
15436.0,3
15740.0,1,2
15891.0,3
16043.0,4
16194.0,2
16497.0,1,2,3
16952.0,3,4
17103.0,2
17255.0,1
17558.0,2,3
17861.0,3
18164.0,1,2
18315.0,3
18467.0,4
18770.0,1,3
19073.0,2
19376.0,3,4
19527.0,1
19679.0,3
19830.0,2
19982.0,4
20285.0,1,2,4
20588.0,3,4
20891.0,1
21043.0,2
21194.0,4
21346.0,1,2
21800.0,2,4
22103.0,1
22406.0,3,4
22709.0,2
23012.0,3,4
23315.0,1
23618.0,2,3
23921.0,4
24224.0,1,3
24527.0,1
24830.0,2,4
24982.0,3
25285.0,4
25436.0,2
25740.0,2,4
26043.0,1,4
26194.0,2,3
26649.0,1,3
26952.0,2
27255.0,3,4
27558.0,1
27861.0,2,3
28012.0,4
28315.0,3
28467.0,1
28618.0,3,4
29073.0,1,3
29376.0,3
29679.0,1,4
29830.0,2
30133.0,3
30285.0,1,4
30436.0,2
30588.0,3
30740.0,4
31043.0,1,2,4
31346.0,3
31497.0,2,4
31800.0,1
32103.0,3,4
32406.0,2
32709.0,3,4
33012.0,2
33315.0,1
33467.0,3,4
33770.0,2
33921.0,1,3
34224.0,4
34527.0,1
34679.0,2,3
34982.0,4
35133.0,2,3
35285.0,1
35588.0,2
35739.0,3,4
35891.0,1,2
36194.0,3
36346.0,2,4
36649.0,1
36952.0,4
37103.0,1,2
37406.0,4
37558.0,1,3
37709.0,2
38012.0,4
38164.0,3
38315.0,1,2
38618.0,3
38770.0,2
38921.0,3,4
39224.0,1
39376.0,4
39527.0,2
39982.0,1,2,4
40285.0,1,4
40588.0,2
40891.0,1,3
41194.0,1,3
41497.0,2,4
41952.0,2,4
42255.0,1,3
42558.0,3,4
42709.0,1,2
43012.0,1,2
43315.0,3,4
43618.0,1,2,4
43921.0,3
44224.0,1,2
44376.0,3
44679.0,2
44830.0,1,3
44982.0,4
45285.0,4
45436.0,2,3
45739.0,1,2
46043.0,1,3,4
46346.0,2
46649.0,1,3
46952.0,4
47255.0,2,3
47558.0,1
47861.0,2,4
48012.0,3
48315.0,4
48467.0,1,2
48618.0,2
48770.0,4
48921.0,1
49073.0,3
49224.0,1,2
49679.0,1,3,4
49982.0,2
50285.0,1,3
50588.0,2,4
50891.0,2,4
51194.0,1,3
51649.0,1,3
51952.0,3,4
52255.0,1,2
52406.0,4
52709.0,2,3
53012.0,1,3,4
53315.0,2,3
53618.0,1
53921.0,2,3
54073.0,4
54527.0,1,2,4
54830.0,3,4
55032.0,1,2
55234.0,1,2
55436.0,1,2
55739.0,1,2
56043.0,3
56346.0,2,4
56497.0,3
56800.0,1
56952.0,2,3
57255.0,4
57558.0,3
57709.0,1
57861.0,3,4
58315.0,2,3
58770.0,1,4
59073.0,2,3
59224.0,2,3
59376.0,1,4
59527.0,2,3
59982.0,1,4
60285.0,2,3
60588.0,1,4
60891.0,2
61194.0,3,4
61497.0,1
61800.0,2,4
62103.0,3
62406.0,1,2
62709.0,4
63012.0,1,3
63315.0,4
63618.0,2,3
63921.0,1
64224.0,2,4
64376.0,3
64679.0,2
64830.0,1,3
65133.0,2,4
65436.0,1,4
65739.0,2
66043.0,1,4
66194.0,2
66497.0,3
66649.0,1,4
66800.0,2
67103.0,2
67255.0,3,4
67558.0,1,2
67861.0,3,4
68164.0,1
68467.0,2,4
68770.0,1
69073.0,2,4
69224.0,3
69679.0,1,3,4
69982.0,2,4
70285.0,1,4
70588.0,3
70891.0,1,2
71194.0,4
71497.0,1,3
71649.0,2
71952.0,3
72103.0,2,4
72406.0,1
72709.0,2,4
73012.0,1
73315.0,3,4
73618.0,2
73921.0,1,4
74073.0,3
74376.0,2
74527.0,1,4
74830.0,2,3
75133.0,3
75285.0,1,2
75588.0,4
75739.0,2,3
76043.0,3,4
76346.0,1,2
76497.0,4
76800.0,1
76952.0,2,3
77255.0,1,4
77709.0,2,3
78164.0,1,4
78618.0,2,3
78921.0,1
79679.0,1,3,4
79982.0,1,2
80285.0,3
80588.0,1,4
80891.0,2
81194.0,3,4
81497.0,2
81800.0,1,3
82103.0,4
82406.0,1,2
82709.0,2
83012.0,1,4
83164.0,3
83467.0,2
83618.0,1,4
83770.0,3
84224.0,1,3,4
84527.0,2,3
84830.0,1,4
85133.0,2
85739.0,1,2,4
86043.0,1,4
86346.0,2,4
86497.0,1
86649.0,3
86800.0,1,4
87255.0,4
87558.0,1
88012.0,2,3
88467.0,4
88770.0,1
89224.0,2,3
89679.0,1
89982.0,3
90436.0,1,2
90739.0,3,4
91043.0,1,2
91346.0,3,4
91649.0,1,2
91952.0,3,4
92255.0,2,3
92558.0,2,3
92861.0,1,4
93618.0,4
