5840.0,1,2
6150.0,2
6460.0,4
7081.0,2
7495.0,1
7805.0,2
8115.0,4
8736.0,2
9150.0,3
9460.0,2
9771.0,4
10805.0,3
11012.0,4
11219.0,2
11426.0,3
11633.0,1
11840.0,4
12046.0,1
12253.0,4
12460.0,1,3
12874.0,4
13288.0,2,3
13702.0,4
14115.0,1,2
14529.0,4
14943.0,1,3
15357.0,4
15771.0,1,3
16391.0,4
16598.0,2,3
17219.0,4
17426.0,1,2
17840.0,3
18253.0,1,4
18460.0,3
18667.0,2
18874.0,3
19081.0,1,3
19288.0,4
19495.0,1
19702.0,2
19908.0,3
20115.0,1
20322.0,4
20529.0,3
20736.0,1,3
20943.0,2
21150.0,3
21357.0,4
21564.0,1
21771.0,4
21977.0,2
22184.0,3
22391.0,1,4
22598.0,3
22908.0,3
23219.0,1,4
23529.0,3
23840.0,3
24046.0,2,4
24460.0,3
24874.0,1,2
25081.0,3
25288.0,1
25495.0,2,3
26115.0,3
27357.0,1,4
28184.0,3
28805.0,3
29012.0,2,4
29840.0,1
30667.0,2,4
31495.0,1
32115.0,2
32322.0,2,3
33150.0,1,3
33564.0,2,4
33977.0,1
34184.0,2
34391.0,3
34598.0,4
34805.0,1,3
35219.0,2
35426.0,4
35633.0,1
35840.0,2
36046.0,3
36253.0,4
36460.0,1,2
36874.0,3
37081.0,4
37288.0,1,3
37702.0,2
37908.0,3
38115.0,1,4
38529.0,3
38736.0,4
38943.0,1,2
39771.0,1,4
39977.0,2
40184.0,4
40391.0,2
40598.0,1,3
41012.0,2
41426.0,1,3
41736.0,4
42046.0,3
42253.0,1,2
42667.0,3
43081.0,1
43391.0,2
43702.0,3
43908.0,1,4
44322.0,2
44736.0,1,3
45046.0,4
45357.0,3
45564.0,3,4
45874.0,1
46184.0,4
46391.0,2,3
46805.0,1,4
47219.0,2,4
47633.0,1
48046.0,3,4
48460.0,1,3
48667.0,1
48874.0,3,4
49288.0,3
49702.0,1,2
50115.0,2,4
50322.0,4
50529.0,1,2
50943.0,3
51357.0,1,4
51771.0,2
52184.0,1,3
52598.0,4
53012.0,2,3
53426.0,4
53840.0,4
53943.0,1
54150.0,4
54253.0,1
54460.0,2,3
54771.0,2,4
55081.0,1,2
55288.0,1,2
55495.0,1,3
55805.0,3
56115.0,4
56736.0,3
56943.0,1
57150.0,2,3
57460.0,3
57771.0,4
58391.0,2
58598.0,2
58805.0,1,3
59115.0,3
59426.0,4
59840.0,1
60046.0,2
60253.0,3
60460.0,1,4
60874.0,2
61288.0,2
62115.0,1,3
62426.0,3
62736.0,4
63357.0,3
63564.0,2
63771.0,1,3
64081.0,3
64391.0,1
65012.0,3
65219.0,3
65426.0,1,2
65736.0,3
66046.0,4
66460.0,1
66667.0,3
66874.0,1
67081.0,2,4
67495.0,3
67908.0,1,2
68115.0,4
68322.0,3
68529.0,4
68736.0,2,3
69046.0,3
69357.0,1
69977.0,3
70184.0,2
70391.0,1,3
70702.0,3
71012.0,4
71633.0,2
71840.0,1
72046.0,2,3
72357.0,3
72667.0,4
73081.0,1
73288.0,2
73495.0,3
73702.0,1,4
74115.0,3
74529.0,2
74943.0,1
75357.0,2,4
75564.0,3
75771.0,1
75977.0,2
76184.0,1,4
76391.0,3
76598.0,2
76805.0,3
77012.0,1,2
77219.0,3
77426.0,4
77633.0,2
77840.0,1,4
78046.0,3
78253.0,2
78460.0,3
78667.0,1,2
79081.0,2,4
79495.0,1,3
79908.0,2,4
80322.0,1,4
80529.0,3
80736.0,2,4
80943.0,3
81150.0,1,2
81357.0,4
81564.0,3
81771.0,3
81977.0,1,2
82391.0,2,4
82805.0,1,3
83012.0,4
83219.0,2,3
83426.0,4
83633.0,1,3
84046.0,2,3
84460.0,1,4
84667.0,3
84874.0,1,2
85081.0,3
85288.0,1,4
85495.0,3
85702.0,1
85908.0,3
86115.0,1,2
86322.0,4
86529.0,2
86736.0,4
86943.0,2,3
87150.0,4
87357.0,1,3
87564.0,2,4
87771.0,1
87977.0,3
88184.0,2
88391.0,4
88598.0,1,3
